l=10000000
r=20000000
proccess_count = 5
13.617354154586792

proccess_count = 10
10.57002067565918

proccess_count = 1
77.2023069858551

proccess_count = 20
10.017466068267822